$hash_+K43nCPqdQEoOaFFSPq7tA==
$hash_+jGpy7340VRsAfBNTBE98w==
$hash_/Omo9qIeZ0jAEmsH6MIB0w==
$hash_1iiULM6KMdhzPNxFHXahug==
$hash_2LvueMa3O4nwSARsmPOTyA==
$hash_3fQqeFGVt3dqMbA07S7x3A==
$hash_3sddSwjp0Apevr9GEvX9Bg==
$hash_8Jn2/HcREpN3KzQjnZUosw==
$hash_AZnzm5yY/WXRhjDMETaXHg==
$hash_E3hCoKydv4/vQFQ9BTABPQ==
$hash_E7sJEZcHinT6+Y/50OgU3g==
$hash_GlKmOz43/8g0j6MzcSTM/w==
$hash_HKXcWjhnqAMHuAm+fECS3w==
$hash_Jl8D8eXHFeKBXpPaAaD5Vg==
$hash_PR0eeamBvoIFqnzJQvFdjw==
$hash_QmvRf9JKjB+SKkky7OkZFA==
$hash_TqLXFyLgcFU5UAZReEc3ug==
$hash_UaBWJz2mn64RPBWfvKBqUw==
$hash_a+PEdrtPrEMDa6dASmv4bQ==
$hash_bFXJEg8+dwR1kGZVEGWYDA==
$hash_fn0fKEcDmPEdNKQaqv1QUw==
$hash_gc4scuh86X3Zn+YbNB+7Ag==
$hash_l9uy9RWqE4ZMKDQGmIKwVQ==
$hash_m2e6CH8KSnywML6ZmSAhGw==
$hash_nYThB6ydnsPmqhGqazDqYA==
$hash_p5E3G1l5twN516qzgeB77A==
$hash_pg+X9MqQuBqX5UVIv30t/A==
$hash_tpjkMEv5Hw1V76ldrFyC5w==
$hash_uAyO93yO6i9yJ+uvAO3V4g==
$hash_xYOXWJzLAEEfOhN7icbmDw==
$hash_xZmaGlDz1QdOGDeN/WVlrg==
$hash_yZK5Z+r0CtD27oGPEfYSBQ==
$hash_yhUdvvs0OawES/7AvqvsCA==
3728053471258919914
3728056579707916251
3728253571218299386
3728846207901135466
3728971297868001696
3729614434223048076
3729665628303787949
3729698739884717397
3730006817502695152
3730083897175445890
3730116794183581871
3730119751487019156
3730127882698883217
3730133577129022490
3730137457405786475
3730161644388325308
3730165818987123735
3730184958468718375
3730188560243691178
3730189007842993361
3730194826928098902
3730197310022877717
3730201357861945585
3730204104468508179
3730206693645922242
3730208334826465124
3730211199586456683
3730213353957405773
3730218443829177620
3730223495868100901
3730224668805433566
3730228445994068454
3730252894156098050
3730254363403751259
3730254671357984606
3730257594644825190
3730258624187732069
3730263743797143912
3730272741778547033
3730284914202389849
3730297417724647245
3730305860984642903
3730309483739326021
3730310340610161817
3730313075221102380
3730369530989236390
3730370110566502504
3730370131596417780
3730371735330494646
3730372003958886540
3730372137790754882
3730372306603409047
3730372532055367411
3730372665954307356
3730374131955814214
3730374792961330564
3730375438666317988
3730375687094728673
3730376271713572497
3730378812539370309
3730382921573076527
3730384444306496029
3730384766311611680
3730391353659129292
3730391772686856698
3730399693881522020
3730402071523744219
3730407719925476339
3730419459195420207
3730420495247245598
3730425773040616754
3730428657832344384
3730435722475056833
3730440877962208823
3730447154176068859
3730458218724872674
3730491920150464033
3730492838124501484
3730498213267644106
3730499289693593296
3730503761475572074
3730511931258331000
3730512065660602631
3730513413458266360
3730513926270673168
3730516220731077548
3730520178082076007
3730523786945152232
3730535154372974811
3730538062208460316
3730550912717076755
3730552083129213133
3730561523031125162
3730753643117830646
3730763766867729554
3730766473485679565
3730785120421689230
3730809496894550026
3730811625629566735
3730842458864339025
3730895236588412653
3730908587628232141
3730911182140783542
3730915769929435222
3730969072704698131
3730969260458521361
3731005272920464499
3731011569057304109
3731016275335154427
3731071089393858977
3731225741938397134
3731226820277175361
3731233043357669136
3731249714877208087
3731273003355894877
3731526808568176476
3731536716981895647
3731579260873062824
3731687691700928689
3731689588399114832
3731716582586975695
3731740381059494725
3731783383346055935
3731843479131800975
3732133659193901955
3732251757699582077
3732290490855874223
3732296377167616981
3732390924128193822
3732430723383862811
3732480804388684630
3732518715066440869
3732922654937080422
3732958202351601317
3733011404388354786
3733117635874534244
3733124830246471364
3733711579058311121
3733776839585078767
3733778194420728823
3733816952591228395
3733926866022333336
3733929845806613018
3733930475975624834
3733931224138795670
3733931671998212277
3733932095228745957
3733935273395393433
3733944382786166273
3733946078241497824
3733946341316379295
3733954236632433456
3733976130706233588
3734068425468163298
3734446686098736506
3734449523310209108
3734512231669866134
3734517849277356195
3734569702082010692
3734570741120140338
3735100426509376944
3735170939546563965
3735192386583419431
3735258012777602384
3735314735915899230
3735428033143509259
3735440480680086474
3735988888645970028
3736004182721734969
3736570764741722242
3736647053728725328
3736647680953259299
3736667449580867191
3736711558089304061
3736794841423042425
3737311349333040752
3737386924357746693
3737452897664255316
3737556821235018303
3737578749609921904
3737617780267830101
3737641923939983635
3737642270557308674
3737696787130751262
3737763243973168274
3737944829410695643
3738053202080175742
3738403441967149298
7553257940745014550
7553267978779856150
7553304736829738262
7553379364692446486
7553610358485749014
7553611526704286998
7553613552867757334
7553706240078007574
7553706720183373059
7553711064056073494
7554019104043093270
7554058113599409430
7554088977242934550
7554105379056028950
7554127523467070742
7554355084306484502
7554360550109613334
7554415510767750403
7554421227209706774
7554423712594890006
7554441155153497366
7554450634079096086
7554472917480852758
7554494348168138006
7554496494410157334
7554496730507545878
7554517778737138967
7554518579438374147
7554684485380427030
7554699334005050646
7554711391127506198
7554723441144909078
7554735196659109142
7554765422894009622
7554818625354468630
7554841162826255638
7554869079560080662
7554925293274860802
7555069044127223062
7555071288881171734
7555073156143254806
7555073867300048150
7555137038270631190
7555161480383991062
7555213308127694102
7555227945594309910
7555261523799723286
7555513162653633814
7555517320911768854
7555560047867202838
7555610723544534294
7555619940577856790
7555623112155401494
7555822147353070870
7555848476286831894
7555925052248575254
7555968762340592899
7556237614999817494
7556284919014640918
7556592027702447382
7556592986717555990
7556609405031320834
7556619847472270614
7556628898470006038
7556643974572739862
7556881060701818134
7556903278819298582
7556917764032646422
7556968819269356822
7557028424125058326
7557080889163992323
7557265694958800150
7557328857993514242
7557388583594659094
7557458763234413846
7557654164801604886
7558171514697256214
7558183086450691331
7558498033256664342
